5491	1489	
5501	895	
5506	721	
5507	533	
5511	810	
5526	802	
5531	542	
5541	793	
5546	817	
5551	834	
5566	885	
5581	804	
5586	631	
5591	611	
5601	817	
5606	862	
5610	828	
5620	761	
5626	848	
5631	770	
5646	890	
5651	812	
5661	816	
5666	883	
5671	803	
5681	765	
5686	925	
5691	821	
5701	825	
5706	898	
5711	816	
5721	552	
5726	583	
5731	776	
5741	459	
5746	577	
5751	989	
5756	827	
5766	640	
5770	811	
5786	769	
5806	629	
5821	411	
5826	418	
5846	362	
5866	720	
5886	365	
5906	815	
5926	790	
5946	382	
5966	945	
5986	698	
6006	763	
6014	2433	
6017	14293	
6023	15572	
6029	4412	
6033	10027	
6037	4452	
6039	2038	
6040	4299	
6044	4088	
6047	10358	
6051	15708	
6059	765	
6060	15829	
6067	4213	
6069	5521	
6074	11475	
6078	4822	
6081	17653	
6087	15665	
6092	4489	
6094	3680	
6095	10471	
6101	10010	
6106	12432	
6110	17140	
6115	11324	
6122	4616	
6125	16792	
6132	4512	
6134	10635	
6138	5269	
6139	823	
6140	16922	
6150	5198	
6154	4160	
6157	4296	
6158	10184	
6162	4715	
6164	4084	
6166	10174	
6171	9892	
6174	5055	
6177	4426	
6181	9680	
6187	9624	
6191	9439	
6195	9931	
6201	9836	
6209	16445	
6215	9784	
6221	9781	
6227	4475	
6229	14982	
6236	9772	
6242	4239	
6243	9922	
6248	4358	
6250	15318	
6255	4417	
6258	10236	
6262	4282	
6266	9774	
6271	9706	
6273	10025	
6279	4034	
6282	4518	
6285	10020	
6291	10255	
6293	10360	
6299	1676	
6302	9971	
6307	4647	
6309	15383	
6315	4599	
6318	4591	
6321	9767	
6326	10060	
6330	15729	
6335	12582	
6340	16628	
6347	4851	
6351	9536	
6355	9915	
6362	6300	
6363	11284	
6370	15718	
6377	15346	
6384	3981	
6387	4386	
6389	15471	
6395	4490	
6397	14996	
6404	3642	
6407	4580	
6409	4424	
6412	4577	
6415	15621	
6422	10456	
6425	10385	
6431	9847	
6435	16379	
6442	4373	
6445	4445	
6446	10185	
6451	5073	
6453	10363	
6458	5647	
6463	596	
6464	4359	
6467	5120	
6470	15346	
6475	4434	
6477	4545	
6481	9834	
6487	15585	
6492	4907	
6495	15545	
6502	4489	
6506	10907	
6510	9766	
6512	4734	
6515	4522	
6517	4549	
6519	1462	
6521	10886	
6526	10901	
6530	5136	
6532	4698	
6533	9983	
6538	10809	
6542	4466	
6544	3387	
6546	11097	
6551	11437	
6557	14640	
6565	4964	
6567	5058	
6569	15715	
6576	10310	
6581	16697	
6587	16983	
6597	5172	
6600	4696	
6603	4980	
6606	10099	
6609	10975	
6614	4249	
6616	17208	
6627	5369	
6630	4300	
6631	17306	
6642	4540	
6645	4890	
6647	4572	
6650	4574	
6653	4409	
6655	4739	
6659	2483	
6661	16008	
6667	4885	
6671	9850	
6674	3964	
6676	9861	
6681	9525	
6686	15446	
6692	4395	
6694	10000	
6698	9739	
6702	4830	
6706	9860	
6710	4950	
6713	10123	
6718	10003	
6725	4413	
6726	9909	
6732	4485	
6734	4232	
6736	10075	
6741	9730	
6748	9673	
6751	9605	
6755	4463	
6758	10024	
6763	15645	
6770	15781	
6776	9878	
6782	10349	
6789	2278	
6791	9758	
6797	4552	
6800	5071	
6804	3500	
6806	9879	
6811	9760	
6816	4695	
6819	3300	
6822	4343	
6823	10203	
6827	4498	
6831	9708	
6836	10436	
6841	11183	
6845	16585	
6853	5034	
6856	11075	
6864	3597	
6866	11194	
6872	4453	
6875	4408	
6879	1472	
6881	10420	
6885	16517	
6892	4565	
6894	15844	
6902	4755	
6905	4614	
6909	16271	
6916	9929	
6919	1499	
6920	16282	
7841	854	
7846	416	
7866	739	
7886	406	
7901	832	
7906	792	
7926	826	
7946	683	
7966	723	
7986	830	
8006	848	
8026	818	
8046	764	
8066	774	
8086	684	
8106	617	
8126	789	
8139	791	
8146	444	
8151	811	
8166	424	
8186	821	
8201	747	
8206	356	
8226	733	
8246	656	
8266	461	
8286	866	
8306	588	
8326	825	
8346	793	
8366	644	
8386	845	
8406	906	
8426	511	
8446	684	
8466	413	
8486	545	
8506	419	
8526	808	
8546	606	
8566	842	
8586	370	
8606	414	
8626	442	
8646	867	
8666	873	
8686	591	
8706	830	
8726	615	
8746	980	
8766	590	
8786	427	
8806	667	
8820	830	
8826	744	
8846	782	
8866	451	
8886	749	
8906	985	
8926	882	
8941	844	
8946	831	
8966	885	
8986	488	
9001	729	
9006	782	
9026	518	
9046	776	
9058	810	
9066	800	
9086	808	
9106	823	
9126	685	
9146	763	
9166	789	
9226	792	
9246	444	
9266	831	
9286	407	
9306	813	
9326	783	
9346	553	
9366	331	
9386	709	
9406	800	
9426	825	
9446	724	
9466	886	
9486	519	
9506	810	
9511	446	
9526	512	
9546	806	
9566	654	
9586	785	
9606	435	
9620	829	
9626	794	
9646	396	
9661	772	
9666	802	
9686	722	
9706	383	
9726	532	
9746	782	
9747	404	
9766	793	
9786	737	
9806	640	
9826	777	
9846	551	
9857	548	
9866	623	
9869	409	
9886	1315	
9893	426	
9901	788	
9903	940	
9906	1192	
9909	1094	
9911	789	
9917	754	
9926	801	
9929	2549	
9941	1421	
9946	1162	
9948	1082	
9951	676	
9952	733	
9957	1341	
9966	1056	
9969	1834	
9971	717	
9981	1148	
9986	795	
9989	1521	
9991	712	
10001	724	
10006	485	
10009	1059	
10011	719	
10026	717	
10029	998	
10031	982	
10038	1339	
10046	1320	
10051	1461	
10054	1369	
10056	735	
10061	844	
10064	1508	
10066	727	
10071	865	
10077	1056	
10081	1344	
10083	404	
10086	776	
10106	538	
10126	559	
10146	377	
10166	391	
10186	441	
10206	624	
10221	432	
10226	837	
10228	921	
6	442	
26	723	
46	803	
66	823	
81	673	
86	781	
91	722	
106	553	
131	550	
146	896	
166	851	
186	837	
206	719	
226	439	
246	775	
266	636	
286	399	
306	407	
326	399	
346	587	
366	361	
386	828	
406	367	
426	411	
446	614	
466	660	
486	1756	
499	1441	
506	782	
515	800	
524	2011	
526	383	
535	770	
544	1656	
546	417	
555	886	
564	786	
566	383	
586	440	
606	440	
626	615	
646	516	
666	644	
686	790	
706	802	
707	753	
726	763	
746	784	
766	810	
786	886	
806	830	
812	773	
826	621	
846	803	
861	403	
866	768	
886	793	
906	656	
926	804	
946	422	
966	469	
986	556	
1006	867	
1026	1111	
1046	925	
1066	812	
1086	768	
1106	851	
1126	347	
1146	883	
1166	435	
1186	493	
1206	556	
1226	961	
1246	797	
1266	518	
1286	771	
1291	809	
1306	728	
1311	447	
1326	438	
1346	823	
1366	905	
1386	379	
1406	635	
1426	878	
1431	806	
1446	787	
1466	458	
1486	437	
1506	467	
1526	422	
1546	468	
1566	425	
1586	448	
1606	440	
1626	400	
1646	609	
1651	407	
1666	935	
1686	734	
1706	394	
1726	492	
1746	779	
1766	813	
1786	779	
1791	423	
1806	1099	
1811	644	
1826	415	
1831	834	
1846	776	
1866	549	
1886	813	
1906	453	
1926	372	
1946	449	
1966	825	
1986	794	
2006	468	
2026	919	
2046	758	
2066	407	
2071	870	
2072	473	
2073	350	
2074	417	
2086	459	
2090	393	
2091	781	
2106	423	
2126	371	
2146	842	
2166	773	
2186	872	
2206	702	
2226	648	
2246	767	
2266	764	
2286	887	
2306	902	
2326	650	
2346	413	
2364	562	
2366	375	
2372	1286	
2386	800	
2391	512	
2406	817	
2424	618	
2426	530	
2446	773	
2466	943	
2486	418	
2506	365	
2526	420	
2546	808	
2566	961	
2586	485	
2606	648	
2626	680	
2646	794	
2666	508	
2686	399	
2706	400	
2726	431	
2746	816	
2766	592	
2786	833	
2806	692	
2826	775	
2846	777	
2866	418	
2886	551	
2906	449	
2926	436	
2946	755	
2966	750	
2986	765	
3006	398	
3021	377	
3026	396	
3031	770	
3046	663	
3066	423	
3086	660	
3106	690	
3126	829	
3146	595	
3166	778	
3186	699	
3206	393	
3226	777	
3246	372	
3266	452	
3286	792	
3306	760	
3326	649	
3346	686	
3366	792	
3386	777	
3406	687	
3426	799	
3446	814	
3466	858	
3486	780	
3506	822	
3526	787	
3546	790	
3566	407	
3586	365	
3606	375	
3626	408	
3646	738	
3666	830	
3686	817	
3706	426	
3726	662	
3746	430	
3766	703	
3786	746	
3806	810	
3826	694	
3846	641	
3866	771	
3886	404	
3906	414	
3926	416	
3946	643	
3966	497	
3986	763	
4006	805	
4015	804	
4016	483	
4017	440	
4026	670	
4033	390	
4034	384	
4046	762	
4066	794	
4086	783	
4106	805	
4126	826	
4146	853	
4166	793	
4186	803	
4206	641	
4226	786	
4246	784	
4251	786	
4266	414	
4286	392	
4306	508	
4326	703	
4330	647	
4346	773	
4366	782	
4386	795	
4401	374	
4406	400	
4426	400	
4446	405	
4466	837	
4486	838	
4506	790	
4526	750	
4546	773	
4566	801	
4586	465	
4606	371	
4626	847	
4646	804	
4666	800	
4686	775	
4706	734	
4726	545	
4746	784	
4766	298	
4786	398	
4806	403	
4826	614	
4831	561	
4846	558	
4866	776	
4886	590	
4906	751	
4926	397	
4946	775	
4948	408	
4966	446	
4986	774	
5006	476	
5026	919	
5046	845	
5066	484	
5086	418	
5106	456	
5126	422	
5136	536	
5146	465	
5166	698	
5186	760	
5206	766	
5226	755	
5246	882	
5257	464	
5266	455	
5286	445	
5306	425	
5326	402	
5346	898	
5366	979	
5386	809	
5406	764	
5426	331	
5446	414	
5466	380	
5486	612	
5506	474	
5526	883	
5546	667	
5566	782	
5586	402	
5606	397	
5626	426	
5646	363	
5666	810	
5686	754	
5706	908	
5726	819	
5746	776	
5766	516	
5780	738	
5786	371	
5801	366	
5806	774	
5826	478	
5846	820	
5866	697	
5886	801	
5891	823	
5906	770	
5926	398	
5946	860	
5966	401	
5986	302	
6006	428	
6026	374	
6046	823	
6066	484	
6086	461	
6106	774	
6126	748	
6146	646	
6166	736	
6186	749	
6206	353	
6226	801	
6246	799	
6266	804	
6286	791	
6306	715	
6326	787	
6346	401	
6366	741	
6386	796	
6406	582	
6426	615	
6446	550	
6466	810	
6486	381	
6506	391	
6526	392	
6546	496	
6566	1041	
6586	830	
6606	414	
6626	690	
6646	399	
6666	375	
6686	414	
6706	787	
6726	536	
6740	834	
6746	739	
6766	724	
6781	1324	
6786	401	
6806	792	
6826	392	
6846	383	
6866	632	
6886	386	
6906	658	
6926	978	
6946	705	
6966	657	
6986	789	
7001	803	
7006	392	
7026	581	
7046	408	
7066	758	
7086	427	
7106	774	
7126	778	
7146	792	
7166	778	
7186	689	
7206	795	
7226	575	
7246	690	
7266	563	
7286	827	
7306	561	
7326	660	
7346	387	
7366	364	
7386	484	
7406	819	
7426	640	
7446	478	
7466	760	
7486	647	
7506	667	
7526	374	
7546	587	
7551	573	
7566	799	
7586	738	
7591	644	
7606	629	
7611	502	
7626	742	
7646	680	
7666	551	
7686	780	
7706	659	
7726	914	
7746	410	
7766	625	
7786	529	
7806	798	
7826	409	
7846	794	
7866	418	
7886	397	
7906	409	
7926	472	
7946	393	
7966	622	
7986	589	
8006	468	
8026	872	
8046	628	
8066	690	
8086	421	
8106	486	
8126	428	
8146	418	
8166	586	
8186	659	
8206	695	
8226	812	
8246	772	
8266	756	
8286	532	
8306	413	
8326	679	
8346	490	
8361	672	
8366	795	
8386	398	
8406	405	
8426	806	
8446	406	
8466	576	
8486	816	
8490	752	
8506	364	
8526	797	
8546	816	
8551	780	
8566	695	
8586	973	
8601	547	
8606	403	
8626	299	
8646	669	
8666	413	
8686	644	
8706	724	
8726	803	
8746	713	
8766	682	
8786	806	
8806	391	
8820	534	
8826	401	
8846	407	
8866	419	
8886	408	
8906	827	
8926	626	
8946	814	
8966	996	
8986	851	
9006	776	
9026	790	
9034	752	
9035	372	
9036	364	
9046	396	
9066	402	
9086	630	
9106	806	
9126	729	
9146	744	
9166	636	
9186	527	
9196	450	
9206	483	
9226	521	
9246	416	
9266	711	
9286	469	
9306	811	
9311	703	
9326	721	
9346	829	
9366	817	
9386	801	
9406	408	
9426	745	
9446	813	
9466	794	
9486	721	
9506	645	
9526	761	
9546	752	
9566	803	
9586	824	
9588	385	
9591	752	
9606	702	
9611	372	
9626	521	
9631	869	
9644	533	
9646	414	
9651	358	
9661	388	
9666	448	
9668	1348	
9678	449	
9686	1492	
9688	399	
9691	809	
9706	784	
9708	883	
9726	601	
9746	791	
9766	402	
9771	720	
9775	772	
9780	1359	
9786	793	
9788	1131	
9791	404	
9794	1339	
9799	561	
9803	767	
9804	412	
9805	1047	
9811	621	
9826	400	
9828	400	
9831	647	
9846	1071	
9849	481	
9851	761	
9858	413	
9866	796	
9868	373	
9886	498	
9906	811	
9926	804	
9946	800	
9966	710	
9986	780	
10006	1346	
10011	792	
10026	756	
10046	794	
10066	537	
10081	1216	
10086	700	
10089	1803	
10091	725	
10094	1033	
10100	755	
10103	1056	
10106	1342	
10109	1539	
10111	758	
10121	1033	
10126	1225	
10129	1519	
10131	345	
10141	1756	
10143	388	
10146	1261	
10149	1889	
10151	748	
10156	843	
10159	2056	
10166	1255	
10169	1082	
10181	736	
10186	793	
10189	1489	
10191	753	
10206	760	
10208	1323	
10226	816	
6	803	
26	571	
46	782	
66	763	
86	789	
106	761	
126	387	
146	372	
166	568	
186	714	
200	767	
202	380	
203	532	
206	785	
226	775	
246	786	
266	639	
286	792	
306	400	
326	833	
335	809	
336	445	
337	410	
346	814	
366	809	
376	632	
377	623	
386	819	
387	397	
391	802	
397	392	
398	405	
399	736	
406	811	
408	959	
411	1196	
414	1319	
416	722	
418	1687	
421	771	
423	1341	
426	1158	
428	1298	
431	423	
438	903	
446	745	
451	994	
461	687	
466	1071	
468	875	
471	1428	
475	1994	
478	2413	
481	1071	
483	2177	
485	1445	
488	2262	
490	1125	
492	1054	
494	713	
496	1032	
498	1654	
501	866	
506	727	
508	917	
511	409	
521	874	
526	1293	
528	1266	
530	1421	
534	968	
538	4823	
543	1860	
546	732	
547	2094	
551	1755	
553	1679	
557	1630	
561	1515	
563	1526	
566	912	
571	1364	
574	1008	
576	733	
586	373	
588	400	
591	1269	
598	791	
599	976	
600	857	
601	366	
604	800	
606	712	
608	3769	
612	776	
613	869	
618	695	
621	805	
624	804	
625	1210	
627	365	
631	1548	
633	421	
638	809	
639	724	
640	872	
646	1249	
648	1645	
650	740	
652	730	
658	906	
660	1272	
666	1745	
668	345	
686	799	
691	5295	
706	770	
711	644	
726	753	
731	735	
746	395	
751	772	
766	776	
786	476	
806	794	
811	494	
821	621	
826	726	
842	421	
846	719	
849	469	
850	1183	
856	1331	
858	1093	
862	1918	
866	725	
868	714	
869	381	
870	1171	
873	375	
874	3828	
879	3885	
883	392	
886	732	
891	793	
906	1349	
908	908	
911	1162	
914	762	
916	671	
926	638	
946	390	
948	517	
958	1499	
963	392	
964	1267	
966	364	
971	1100	
980	793	
986	828	
987	700	
991	563	
994	4611	
1000	767	
1002	3670	
1006	364	
1008	4538	
1014	4223	
1021	774	
1026	765	
1029	589	
1031	4483	
1037	4842	
1046	687	
1048	947	
1049	4208	
1054	382	
1055	2530	
1060	925	
1062	374	
1063	354	
1066	667	
1069	5345	
1074	4969	
1080	447	
1081	368	
1086	656	
1088	1061	
1091	782	
1092	444	
1095	5851	
1106	753	
1108	838	
1111	1123	
1114	651	
1116	375	
1121	6912	
1131	573	
1140	787	
1146	814	
1166	839	
1171	445	
1186	810	
1206	810	
1226	767	
1231	770	
1246	778	
1248	1320	
1253	792	
1266	367	
1271	749	
1286	599	
1288	383	
1290	6020	
1295	5577	
1300	699	
1301	558	
1306	4429	
1310	1129	
1324	3207	
1328	5494	
1346	744	
1350	407	
1366	679	
1368	377	
1369	572	
1370	378	
1371	343	
1379	772	
1380	377	
1381	365	
1383	674	
1384	734	
1385	1127	
1391	531	
1406	797	
1411	394	
1413	382	
1414	384	
1415	364	
1416	486	
1426	688	
1446	884	
1451	785	
1466	337	
1479	767	
1480	4150	
1486	453	
1506	371	
1526	397	
1539	4348	
1546	4819	
1551	3193	
1556	734	
1557	500	
1558	4080	
1562	505	
1563	4334	
1570	750	
1572	388	
1573	373	
1576	4718	
1586	510	
1588	4829	
1604	770	
1605	943	
1607	4251	
1613	771	
1614	655	
1615	4221	
1622	1008	
1624	415	
1626	708	
1628	404	
1629	4288	
1634	381	
1635	3799	
1639	373	
1640	4261	
1645	1073	
1666	437	
1684	776	
1685	1105	
1687	432	
1706	793	
1726	780	
1746	787	
1766	793	
1786	762	
1806	4988	
1811	4274	
1815	389	
1816	381	
1817	309	
1822	778	
1823	376	
1824	372	
1825	2518	
1828	548	
1829	377	
1846	414	
1850	4830	
1859	1523	
1861	387	
1862	429	
1866	681	
1875	1086	
1877	382	
1878	354	
1884	1271	
1886	761	
1887	441	
1901	3735	
1906	422	
1911	779	
1912	635	
1926	826	
1931	796	
1932	423	
1933	352	
1940	739	
1946	763	
1947	1140	
1966	377	
1969	821	
1971	382	
1981	389	
1986	403	
1988	1288	
1992	759	
1993	2101	
2002	355	
2006	777	
2011	467	
2021	780	
2026	625	
2029	4765	
2036	780	
2038	515	
2046	1648	
2048	888	
2055	681	
2061	1209	
2066	1141	
2071	1022	
2074	797	
2086	1070	
2090	1187	
2092	721	
2093	369	
2094	382	
2100	1567	
2106	1187	
2108	844	
2109	706	
2110	843	
2113	1360	
2116	1094	
2126	1303	
2137	848	
2138	571	
2139	753	
2141	738	
2143	2362	
2146	726	
2148	1432	
2151	1273	
2166	1035	
2170	960	
2172	391	
2173	398	
2181	1051	
2184	1495	
2186	698	
2188	905	
2191	1414	
2193	1663	
2198	842	
2201	1391	
2204	567	
2206	1164	
2211	781	
2221	1186	
2226	815	
2228	831	
2231	778	
2234	1087	
2236	624	
2246	1333	
2251	1445	
2260	1129	
2264	1369	
2268	1565	
2270	1289	
2273	2152	
2275	1302	
2278	4282	
2282	4734	
2287	434	
2289	1540	
2291	1190	
2298	502	
2299	872	
2301	1496	
2306	1250	
2311	794	
2321	408	
2326	758	
2328	892	
2341	812	
2346	720	
2351	598	
2362	853	
2366	824	
2369	768	
2370	724	
2372	394	
2378	1240	
2384	1340	
2389	747	
2390	937	
2406	518	
2426	811	
2446	818	
2451	794	
2461	854	
2466	413	
2468	2157	
2471	660	
2476	819	
2478	879	
2486	390	
2488	773	
2491	734	
2506	390	
2509	773	
2511	376	
2518	1395	
2520	4253	
2525	1054	
2528	1389	
2546	4615	
2551	3018	
2555	1705	
2557	1096	
2561	782	
2566	1356	
2568	1533	
2570	604	
2574	718	
2580	3960	
2586	776	
2591	831	
2597	3023	
2604	384	
2606	4694	
2610	4319	
2614	1769	
2616	390	
2622	3167	
2626	4753	
2631	409	
2632	3836	
2642	830	
2646	752	
2648	2112	
2656	1180	
2658	382	
2661	746	
2664	4704	
2671	1275	
2674	1123	
2675	1123	
2678	999	
2680	2067	
2684	314	
2686	917	
2692	441	
2702	453	
2706	395	
2711	792	
2717	383	
2718	362	
2719	776	
2726	384	
2728	1630	
2730	788	
2741	1491	
2746	439	
2748	1414	
2751	1295	
2762	1416	
2764	1691	
2766	682	
2768	1721	
2771	1096	
2774	1055	
2776	481	
2778	861	
2782	1789	
2784	1844	
2786	705	
2789	860	
2791	755	
2793	2515	
2796	4429	
2801	1151	
2803	845	
2804	723	
2806	640	
2809	1678	
2811	1586	
2815	667	
2816	720	
2817	1055	
2821	763	
2826	965	
2828	385	
2831	825	
2846	395	
2848	1450	
2866	415	
2868	1365	
2871	728	
2878	1222	
2881	709	
2886	780	
2888	1178	
2890	1153	
2896	778	
2906	390	
2911	691	
2926	476	
2937	386	
2938	342	
2939	380	
2946	995	
2951	791	
2956	772	
2957	518	
2958	923	
2966	882	
2968	2313	
2976	4163	
2984	729	
2986	658	
2988	1324	
2991	886	
2992	3018	
2998	1688	
3001	737	
3004	1192	
3006	913	
3008	387	
3011	502	
3013	309	
3017	2664	
3021	1253	
3023	1923	
3025	2413	
3028	4675	
3033	1614	
3035	1192	
3040	1024	
3044	810	
3046	377	
3051	750	
3060	1372	
3066	779	
3068	1167	
3086	789	
3091	794	
3101	1099	
3106	3933	
3124	632	
3125	1080	
3127	358	
3129	776	
3130	383	
3131	347	
3139	1426	
3141	378	
3145	2392	
3148	4654	
3152	5249	
3164	4793	
3169	386	
3170	708	
3172	380	
3186	809	
3191	578	
3206	830	
3226	394	
3227	650	
3237	470	
3238	389	
3239	4376	
3246	777	
3266	736	
3271	756	
3285	1777	
3287	375	
3288	468	
3306	830	
3326	847	
3332	409	
3333	423	
3346	761	
3366	678	
3386	761	
3406	395	
3409	720	
3410	377	
3411	378	
3412	351	
3416	408	
3426	767	
3431	806	
3446	364	
3448	1261	
3466	1095	
3471	799	
3481	816	
3486	762	
3501	787	
3502	833	
3506	756	
3511	780	
3526	726	
3540	354	
3546	787	
3553	821	
3566	640	
3586	884	
3591	859	
3606	698	
3626	421	
3646	436	
3666	746	
3686	574	
3706	994	
3726	639	
3746	583	
3766	399	
3786	612	
3806	789	
3811	404	
3826	807	
3846	657	
3851	589	
3860	454	
3866	535	
3878	799	
3886	749	
3891	385	
3906	687	
3926	578	
3931	801	
3946	822	
3966	392	
3986	787	
4006	771	
4011	627	
4021	702	
4022	397	
4026	830	
4031	833	
4046	822	
4066	753	
4071	767	
4072	347	
4086	774	
4106	777	
4126	364	
4146	796	
4166	599	
4186	824	
4206	798	
4226	641	
4231	452	
4246	550	
4253	757	
4258	543	
4266	668	
4271	718	
4286	775	
4291	721	
4292	450	
4306	371	
4311	772	
4320	453	
4326	393	
4346	321	
4366	603	
4371	623	
4386	799	
4406	853	
4426	821	
4446	806	
4466	766	
4486	379	
4506	384	
4526	685	
4546	509	
4566	327	
4586	807	
4606	656	
4626	778	
4646	546	
4666	321	
4686	391	
4706	804	
4726	805	
4746	811	
4766	791	
4786	393	
4806	736	
4826	529	
4846	870	
4866	862	
4886	780	
4906	775	
4926	777	
4946	365	
4966	386	
4970	406	
4986	378	
5006	849	
5026	970	
5046	984	
5066	863	
5086	788	
5106	394	
5126	417	
5146	364	
5166	375	
5186	963	
5206	816	
5226	718	
5246	548	
5266	531	
5286	378	
5306	512	
5326	398	
5346	522	
5366	519	
5386	505	
5406	502	
5426	513	
5446	506	
5466	492	
5486	472	
5506	538	
5511	473	
5526	509	
5546	475	
5566	504	
5586	559	
5606	778	
5626	926	
5646	970	
5666	389	
5686	724	
5706	517	
5726	416	
5731	770	
5746	681	
5766	487	
5781	405	
5786	405	
5806	398	
5809	443	
5826	692	
5846	751	
5858	1006	
5866	445	
5886	621	
5906	530	
5926	772	
5931	803	
5946	497	
5966	423	
5971	799	
5986	712	
5991	787	
6006	476	
6011	776	
6026	4730	
6031	497	
6046	3804	
6050	721	
6061	822	
6066	800	
6086	421	
6088	577	
6089	1189	
6090	763	
6100	795	
6106	832	
6108	1225	
6126	1319	
6146	700	
6166	764	
6171	755	
6181	773	
6186	757	
6191	871	
6206	773	
6208	1131	
6226	1377	
6231	1158	
6246	776	
6266	748	
6286	555	
6297	813	
6306	770	
6326	432	
6346	426	
6366	822	
6386	818	
6406	844	
6426	858	
6446	738	
6466	1025	
6486	768	
6506	775	
6526	731	
6546	807	
6566	719	
6580	398	
6586	772	
6606	801	
6626	365	
6646	955	
6666	454	
6686	824	
6706	764	
6726	1113	
6746	781	
6766	642	
6786	726	
6806	767	
6826	453	
6846	830	
6866	770	
6886	398	
6906	807	
6926	393	
6946	423	
6966	423	
6986	343	
7006	486	
7026	770	
7031	750	
7046	581	
7066	809	
7086	558	
7106	811	
7126	463	
7146	419	
7166	414	
7186	539	
7206	403	
7226	372	
7246	402	
7266	604	
7286	781	
7306	787	
7326	399	
7346	690	
7366	740	
7386	794	
7406	784	
7426	617	
7446	369	
7466	795	
7486	402	
7506	381	
7526	506	
7546	385	
7551	470	
7566	761	
7586	615	
7606	794	
7626	403	
7646	646	
7666	943	
7686	793	
7706	773	
7726	658	
7746	802	
7766	359	
7786	362	
7806	378	
7826	455	
7846	622	
7850	829	
7866	634	
7886	415	
7891	403	
7906	629	
7926	785	
7946	790	
7966	770	
7986	881	
8006	813	
8026	801	
8045	1485	
8047	452	
8051	754	
8066	1170	
8071	389	
8086	818	
8101	1294	
8106	773	
8108	1662	
8111	400	
8116	976	
8118	411	
8122	806	
8126	1108	
8131	395	
8141	1036	
8143	896	
8146	615	
8151	1282	
8156	1310	
8158	899	
8166	807	
8171	760	
8186	781	
8191	831	
8206	639	
8211	1508	
8226	772	
8228	894	
8231	736	
8246	368	
8251	450	
8266	802	
8286	801	
8306	806	
8326	765	
8346	784	
8351	772	
8366	421	
8386	725	
8406	837	
8426	863	
8446	976	
8466	729	
8486	366	
8506	836	
8526	623	
8546	396	
8566	778	
8586	365	
8606	800	
8626	857	
8646	935	
8666	766	
8671	402	
8686	838	
8687	376	
8706	828	
8726	809	
8746	798	
8766	761	
8786	813	
8806	776	
8811	735	
8826	901	
8846	367	
8866	823	
8886	1604	
8899	776	
8906	688	
8926	746	
8946	981	
8966	733	
8986	654	
9006	728	
9026	688	
9046	821	
9066	772	
9086	791	
9106	782	
9126	770	
9146	624	
9166	851	
9186	617	
9206	704	
9226	1488	
9234	850	
9243	412	
9246	856	
9251	786	
9252	441	
9266	471	
9286	974	
9291	399	
9301	365	
9306	362	
9326	1007	
9346	426	
9366	396	
9386	777	
9406	709	
9426	397	
9446	555	
9466	801	
9486	819	
9506	784	
9526	663	
9546	707	
9566	794	
9586	781	
9606	781	
9626	782	
9646	579	
9666	697	
9671	770	
9681	689	
9686	1110	
9689	1447	
9701	1009	
9704	1048	
9706	737	
9709	1176	
9711	705	
9714	779	
9721	1271	
9726	740	
9728	1215	
9731	766	
9746	1185	
9749	1124	
9751	704	
9761	686	
9766	877	
9769	1542	
9771	683	
9781	697	
9786	919	
9789	1058	
9791	678	
9802	679	
9806	1179	
9809	1551	
9811	720	
9826	806	
9846	494	
9866	489	
9869	857	
9871	398	
9886	705	
9906	846	
9926	475	
9946	875	
9966	728	
9974	787	
9986	467	
10006	451	
10026	458	
10046	882	
10066	905	
10086	581	
10101	883	
10106	797	
10126	698	
10146	742	
10166	398	
10186	325	
10206	793	
10226	760	
26	373	
31	819	
46	368	
66	395	
86	399	
106	482	
126	362	
146	398	
166	462	
186	412	
191	644	
206	698	
226	838	
246	523	
266	490	
286	497	
306	446	
311	777	
326	441	
346	525	
351	793	
366	816	
386	511	
406	976	
426	440	
446	474	
466	518	
486	411	
506	526	
526	410	
546	641	
566	399	
586	380	
606	365	
626	777	
646	355	
666	788	
686	717	
706	391	
726	486	
746	510	
766	519	
786	822	
791	786	
806	517	
811	459	
826	468	
831	649	
841	404	
844	833	
846	387	
851	794	
861	771	
866	782	
886	772	
891	517	
906	485	
908	1132	
912	461	
926	385	
946	410	
966	781	
971	764	
986	772	
1006	815	
1026	411	
1046	364	
1066	802	
1086	802	
1106	527	
1126	474	
1146	432	
1166	408	
1186	546	
1206	482	
1226	520	
1246	504	
1266	481	
1286	485	
1306	596	
1311	858	
1326	494	
1346	524	
1366	557	
1386	539	
1406	557	
1426	536	
1466	497	
1486	492	
1506	520	
1526	530	
1546	490	
1566	494	
1586	354	
1606	866	
1626	650	
1646	785	
1666	540	
1686	513	
1706	511	
1726	472	
1746	530	
1766	546	
1771	471	
1780	505	
1786	457	
1806	518	
1826	480	
1846	460	
1866	472	
1886	465	
1891	509	
1906	464	
1926	520	
1931	504	
1946	494	
1966	731	
1971	503	
1986	519	
1993	511	
1994	455	
1996	3072	
2001	4517	
2006	524	
2012	765	
2013	410	
2014	1175	
2016	373	
2026	638	
2046	909	
2066	521	
2086	486	
2106	483	
2126	411	
2146	489	
2151	508	
2166	517	
2186	448	
2206	610	
2226	787	
2231	367	
2232	372	
2236	770	
2237	611	
2238	371	
2239	386	
2246	757	
2266	416	
2286	834	
2306	798	
2326	393	
2346	776	
2366	506	
2386	400	
2406	398	
2426	588	
2446	382	
2466	541	
2479	792	
2480	393	
2481	384	
2482	406	
2486	670	
2506	907	
2526	434	
2546	811	
2551	555	
2566	745	
2586	908	
2606	465	
2626	738	
2646	966	
2666	1008	
2686	668	
2706	464	
2726	455	
2746	735	
2766	475	
2786	489	
2806	412	
2826	431	
2846	686	
2866	703	
2886	365	
2900	529	
2906	443	
2926	693	
2946	1160	
2966	434	
2986	458	
3006	986	
3021	689	
3026	790	
3046	404	
3050	792	
3066	779	
3086	983	
3106	462	
3126	322	
3146	769	
3151	772	
3156	609	
3166	498	
3186	642	
3206	821	
3226	779	
3246	605	
3266	826	
3306	776	
3326	420	
3346	397	
3366	455	
3386	436	
3406	510	
3426	368	
3446	440	
3466	418	
3486	413	
3506	817	
3526	823	
3546	883	
3566	433	
3586	731	
3606	453	
3626	895	
3631	717	
3646	739	
3666	464	
3686	810	
3706	835	
3726	914	
3736	460	
3746	724	
3766	476	
3786	468	
3806	477	
3826	468	
3846	448	
3866	431	
3886	462	
3906	792	
3926	844	
3946	417	
3951	458	
3966	425	
3986	485	
3991	501	
4006	474	
4026	344	
4046	450	
4066	796	
4086	864	
4106	616	
4126	404	
4146	417	
4166	411	
4170	436	
4186	1047	
4206	393	
4226	390	
4246	341	
4266	799	
4286	585	
4306	403	
4326	556	
4346	471	
4366	478	
4386	405	
4406	429	
4426	802	
4446	805	
4451	822	
4466	933	
4486	969	
4506	715	
4526	404	
4546	368	
4566	750	
4586	753	
4606	475	
4626	407	
4646	786	
4656	792	
4666	432	
4686	361	
4706	385	
4726	837	
4746	472	
4766	383	
4786	371	
4806	444	
4826	408	
4846	394	
4866	441	
4886	825	
4906	640	
4926	784	
4946	830	
4951	383	
4966	778	
4986	751	
4991	499	
5006	791	
5026	774	
5046	794	
5066	787	
5086	781	
5106	409	
5126	744	
5146	377	
5166	374	
5186	430	
5206	779	
5226	447	
5246	635	
5266	413	
5286	530	
5291	395	
5306	764	
5326	788	
5346	780	
5366	777	
5386	792	
5406	694	
5426	779	
5446	794	
5466	771	
5486	476	
5506	787	
5526	535	
5546	793	
5566	760	
5586	693	
5606	428	
5626	427	
5631	778	
5646	872	
5666	823	
5671	741	
5686	713	
5691	370	
5706	813	
5726	560	
5746	777	
5766	768	
5786	546	
5806	766	
5826	815	
5831	768	
5846	355	
5866	801	
5871	742	
5886	656	
5888	383	
5906	659	
5911	759	
5926	788	
5928	1482	
5941	388	
5946	643	
5966	420	
5986	424	
5991	388	
6006	768	
6026	371	
6031	763	
6046	382	
6066	914	
6086	794	
6106	757	
6126	344	
6146	912	
6160	788	
6166	732	
6186	797	
6206	725	
6226	764	
6246	927	
6251	520	
6266	451	
6286	795	
6306	373	
6326	382	
6346	506	
6366	752	
6386	798	
6406	375	
6426	379	
6446	625	
6451	802	
6466	837	
6486	656	
6491	554	
6506	798	
6511	374	
6526	399	
6546	711	
6566	754	
6586	481	
6606	466	
6626	367	
6646	480	
6666	389	
6686	999	
6706	799	
6726	827	
6746	813	
6766	577	
6771	802	
6780	627	
6786	745	
6806	424	
6826	794	
6831	704	
6846	907	
6866	771	
6886	418	
6906	776	
6926	395	
6946	365	
6966	759	
6986	780	
7006	386	
7026	772	
7046	419	
7060	859	
7066	839	
7086	801	
7106	805	
7126	782	
7146	770	
7166	785	
7186	774	
7206	727	
7226	638	
7246	544	
7256	1016	
7258	372	
7266	375	
7286	398	
7306	597	
7326	805	
7346	886	
7351	803	
7366	783	
7386	770	
7391	985	
7406	669	
7426	532	
7431	782	
7446	376	
7466	745	
7486	796	
7506	795	
7526	863	
7546	418	
7566	779	
7586	421	
7606	399	
7626	538	
7631	650	
7646	571	
7651	1071	
7666	825	
7686	789	
7706	453	
7721	535	
7722	556	
7723	551	
7724	554	
7726	450	
7746	504	
7766	454	
7786	375	
7806	437	
7826	460	
7846	917	
7851	370	
7860	411	
7866	786	
7886	731	
7906	443	
7926	453	
7946	392	
7966	392	
7986	605	
8006	512	
8026	933	
8046	473	
8066	468	
8086	463	
8106	422	
8126	442	
8141	512	
8146	682	
8166	830	
8186	818	
8206	566	
8226	352	
8246	433	
8266	459	
8286	444	
8306	455	
8326	463	
8330	303	
8346	907	
8366	799	
8386	895	
8406	807	
8426	716	
8446	345	
8466	424	
8486	495	
8506	562	
8526	469	
8546	449	
8566	403	
8586	751	
8606	406	
8626	406	
8646	476	
8666	431	
8686	425	
8706	435	
8726	468	
8746	541	
8766	551	
8786	392	
8806	478	
8826	385	
8846	421	
8866	449	
8886	348	
8906	538	
8926	853	
8946	458	
8966	416	
8970	1283	
8980	772	
8986	411	
9006	365	
9026	574	
9046	867	
9066	784	
9086	837	
9106	447	
9126	393	
9146	760	
9166	368	
9186	645	
9206	545	
9226	681	
9246	841	
9266	555	
9286	397	
9306	995	
9308	430	
9312	830	
9316	1369	
9321	1358	
9326	681	
9329	1469	
9336	1209	
9341	1184	
9346	727	
9349	1374	
9351	739	
9355	1092	
9366	759	
9369	1780	
9371	727	
9381	1337	
9386	773	
9389	1508	
9391	668	
9406	1056	
9409	1103	
9411	683	
9421	748	
9426	772	
9429	1055	
9431	732	
9440	843	
9446	717	
9449	1817	
9451	723	
9460	988	
9464	1055	
9466	727	
9469	1603	
9471	851	
9476	1123	
9486	1491	
9506	430	
9511	407	
9526	709	
9546	546	
9566	822	
9586	412	
9606	713	
9626	791	
9646	808	
9666	402	
9686	774	
9706	398	
9726	459	
9746	794	
9766	781	
9786	460	
9806	455	
9826	440	
9846	452	
9866	416	
9886	411	
9906	961	
9926	785	
9946	580	
9966	786	
9986	400	
10006	425	
10026	379	
10046	498	
10066	590	
10086	452	
10106	367	
10126	470	
10146	461	
10166	465	
10186	412	
10206	482	
10226	522	
6	796	
26	835	
31	797	
46	614	
66	500	
86	770	
106	786	
126	426	
146	414	
166	422	
186	391	
206	519	
226	519	
243	809	
246	393	
261	566	
266	430	
286	757	
306	703	
311	743	
326	507	
327	497	
340	393	
346	504	
366	506	
386	442	
406	381	
426	502	
446	462	
466	495	
486	506	
491	502	
501	499	
506	495	
511	499	
526	507	
531	503	
546	486	
548	449	
566	505	
571	495	
586	465	
588	1182	
606	512	
626	484	
631	521	
646	514	
666	509	
671	506	
686	501	
706	510	
726	505	
746	403	
766	467	
786	485	
806	462	
826	417	
846	781	
866	789	
886	591	
906	451	
926	685	
946	410	
966	428	
986	424	
1006	435	
1026	445	
1046	979	
1066	824	
1086	396	
1106	935	
1126	420	
1146	853	
1151	374	
1166	495	
1186	381	
1206	511	
1226	519	
1246	519	
1266	405	
1286	495	
1306	490	
1326	503	
1346	520	
1366	519	
1386	511	
1406	415	
1426	522	
1446	499	
1466	475	
1486	498	
1506	492	
1526	470	
1546	494	
1566	512	
1586	514	
1606	533	
1626	838	
1646	720	
1666	578	
1686	841	
1706	1099	
1711	607	
1726	463	
1746	468	
1766	784	
1786	402	
1806	394	
1826	449	
1846	788	
1866	434	
1886	536	
1906	480	
1926	454	
1946	448	
1966	472	
1986	459	
2006	415	
2026	434	
2046	419	
2066	347	
2086	415	
2106	448	
2126	445	
2146	468	
2166	436	
2176	502	
2186	516	
2206	509	
2226	517	
2246	504	
2266	484	
2286	643	
2306	795	
2326	471	
2346	469	
2366	519	
2386	513	
2406	518	
2426	490	
2446	469	
2461	517	
2466	468	
2486	467	
2506	426	
2526	498	
2546	513	
2566	421	
2586	510	
2606	522	
2626	496	
2646	485	
2666	805	
2686	512	
2706	407	
2726	837	
2746	749	
2756	792	
2766	519	
2771	752	
2786	783	
2806	498	
2826	455	
2846	902	
2866	898	
2886	672	
2906	796	
2926	822	
2931	441	
2946	492	
2966	773	
2986	799	
3006	1303	
3026	758	
3031	440	
3046	768	
3066	385	
3071	360	
3086	408	
3106	421	
3126	1007	
3146	378	
3166	896	
3186	719	
3206	429	
3226	639	
3246	370	
3266	400	
3286	769	
3306	461	
3326	975	
3346	738	
3366	798	
3386	909	
3406	661	
3426	475	
3446	817	
3466	789	
3486	510	
3506	663	
3526	831	
3546	812	
3566	780	
3567	376	
3586	768	
3606	554	
3626	355	
3631	477	
3646	386	
3666	428	
3671	777	
3686	698	
3706	585	
3726	763	
3746	755	
3766	781	
3786	442	
3806	392	
3826	798	
3846	402	
3866	693	
3886	695	
3906	810	
3911	823	
3926	447	
3946	658	
3966	719	
3986	363	
4006	821	
4011	394	
4026	659	
4046	793	
4066	808	
4086	720	
4106	503	
4126	818	
4141	425	
4146	799	
4166	385	
4186	736	
4206	789	
4226	926	
4246	737	
4266	769	
4286	403	
4301	408	
4306	385	
4326	428	
4346	404	
4366	427	
4386	678	
4406	807	
4426	978	
4446	680	
4466	791	
4486	777	
4506	538	
4526	808	
4546	823	
4566	457	
4586	804	
4606	661	
4611	541	
4626	819	
4646	895	
4660	510	
4666	645	
4686	778	
4706	416	
4726	606	
4746	406	
4766	787	
4786	491	
4806	812	
4826	707	
4846	932	
4866	793	
4886	765	
4906	431	
4926	824	
4946	803	
4966	805	
4986	771	
5006	965	
5026	816	
5031	499	
5046	650	
5066	886	
5082	656	
5086	411	
5106	964	
5126	777	
5146	794	
5166	414	
5186	485	
5206	375	
5226	823	
5246	791	
5266	476	
5286	443	
5306	478	
5326	471	
5346	453	
5366	445	
5386	424	
5406	392	
5426	467	
5446	456	
5466	469	
5486	652	
5506	794	
5526	787	
5546	787	
5566	802	
5586	750	
5606	630	
5626	701	
5646	727	
5666	494	
5686	797	
5706	561	
5726	810	
5746	652	
5766	772	
5786	813	
5806	677	
5826	823	
5846	748	
5866	662	
5886	764	
5906	403	
5926	363	
5946	455	
5966	404	
5986	408	
6006	818	
6026	822	
6046	398	
6066	831	
6086	724	
6106	439	
6126	405	
6146	450	
6166	553	
6185	1457	
6187	386	
6188	432	
6206	994	
6226	994	
6246	794	
6260	669	
6266	574	
6286	918	
6306	584	
6326	368	
6346	434	
6366	687	
6386	946	
6406	910	
6426	588	
6446	780	
6466	796	
6486	357	
6506	400	
6526	484	
6546	789	
6566	627	
6586	839	
6591	425	
6606	809	
6626	408	
6646	806	
6666	402	
6686	369	
6706	801	
6726	825	
6746	1015	
6766	894	
6786	941	
6806	574	
6826	419	
6831	796	
6846	382	
6866	388	
6886	839	
6906	738	
6926	987	
6946	813	
6966	729	
6986	844	
7006	412	
7026	787	
7046	340	
7066	428	
7086	432	
7101	403	
7106	801	
7126	797	
7146	757	
7166	756	
7186	510	
7206	360	
7226	375	
7246	590	
7266	902	
7286	916	
7306	958	
7326	475	
7346	459	
7366	463	
7386	392	
7406	423	
7426	438	
7446	435	
7466	803	
7486	657	
7506	767	
7526	457	
7541	389	
7546	778	
7566	767	
7586	790	
7606	377	
7626	388	
7646	515	
7666	716	
7686	798	
7706	637	
7726	756	
7746	795	
7766	675	
7786	380	
7806	828	
7826	467	
7846	727	
7850	502	
7866	795	
7886	695	
7906	780	
7926	403	
7946	392	
7966	401	
7986	595	
8006	905	
8026	838	
8046	773	
8066	394	
8086	400	
8106	652	
8126	411	
8146	654	
8166	730	
8186	672	
8206	494	
8226	849	
8227	504	
8246	679	
8266	733	
8286	716	
8306	368	
8326	378	
8346	736	
8366	521	
8386	899	
8406	789	
8426	405	
8446	405	
8466	550	
8481	557	
8486	380	
8506	422	
8519	580	
8526	410	
8546	698	
8566	454	
8586	642	
8606	1005	
8626	892	
8646	797	
8666	653	
8671	1006	
8686	806	
8706	305	
8726	377	
8746	378	
8766	856	
8786	745	
8806	616	
8826	803	
8831	782	
8846	768	
8866	763	
8886	762	
8906	773	
8926	770	
8946	388	
8966	771	
8986	1184	
8992	791	
9001	769	
9006	711	
9009	1689	
9021	1409	
9023	729	
9026	1165	
9029	2367	
9032	637	
9046	1040	
9049	1343	
9051	906	
9061	963	
9063	535	
9066	1454	
9069	1261	
9071	680	
9086	1027	
9089	1850	
9091	727	
9093	917	
9101	724	
9106	1351	
9109	1577	
9111	727	
9122	1090	
9126	1109	
9129	2346	
9146	1368	
9166	384	
9186	1236	
9206	827	
9226	620	
9246	797	
9266	682	
9286	797	
9306	757	
9311	832	
9326	765	
9346	774	
9351	779	
9366	779	
9386	791	
9406	405	
9426	392	
9446	798	
9466	853	
9486	813	
9506	882	
9526	718	
9546	877	
9563	702	
9564	797	
9566	377	
9586	632	
9591	630	
9606	782	
9626	776	
9646	392	
9666	562	
9686	851	
9687	373	
9706	590	
9726	822	
9746	816	
9766	811	
9786	782	
9806	780	
9826	669	
9846	425	
9866	370	
9886	715	
9906	723	
9926	806	
9946	797	
9966	807	
9986	768	
10006	716	
10026	790	
10046	786	
10066	774	
10086	636	
10106	701	
10126	871	
10146	648	
10166	757	
10186	779	
10206	412	
10226	470	
6	956	
26	470	
46	783	
66	800	
71	769	
86	695	
106	821	
126	784	
146	402	
166	804	
186	461	
206	561	
226	810	
246	732	
266	418	
286	803	
306	809	
326	1661	
346	799	
366	742	
386	853	
406	833	
426	697	
446	783	
466	664	
486	780	
506	410	
526	796	
546	385	
566	806	
586	879	
606	813	
626	779	
646	422	
666	402	
686	403	
706	389	
726	378	
746	445	
751	394	
766	814	
786	805	
806	832	
820	791	
826	734	
844	1124	
846	361	
847	1764	
866	966	
886	787	
906	508	
926	817	
931	863	
946	612	
951	779	
966	773	
971	1047	
986	915	
1006	377	
1011	803	
1026	475	
1046	739	
1066	965	
1086	828	
1106	782	
1111	411	
1126	773	
1130	377	
1140	825	
1146	767	
1166	372	
1186	777	
1206	811	
1211	723	
1226	478	
1246	1024	
1266	841	
1286	995	
1290	833	
1306	817	
1326	631	
1346	669	
1366	395	
1386	609	
1406	419	
1426	458	
1446	556	
1466	637	
1486	799	
1506	790	
1526	419	
1546	549	
1566	816	
1586	590	
1606	813	
1626	802	
1646	561	
1666	944	
1686	675	
1706	703	
1711	381	
1721	688	
1726	1193	
1728	806	
1731	1092	
1735	1447	
1737	1059	
1739	767	
1746	1853	
1748	385	
1756	1547	
1760	1270	
1766	1203	
1770	1329	
1774	664	
1776	1105	
1778	808	
1780	1663	
1782	993	
1785	2149	
1789	1088	
1791	1140	
1793	317	
1799	368	
1806	712	
1811	795	
1821	1387	
1826	866	
1828	888	
1831	1114	
1833	1623	
1835	1263	
1838	1476	
1842	1533	
1844	1276	
1846	1019	
1848	353	
1851	952	
1858	812	
1861	2227	
1866	795	
1871	791	
1886	421	
1888	1254	
1906	632	
1911	706	
1921	845	
1926	1259	
1928	1000	
1930	718	
1938	363	
1946	703	
1951	734	
1966	388	
1968	1489	
1986	376	
1991	1114	
1998	652	
2006	674	
2011	511	
2026	851	
2046	749	
2066	839	
2071	1339	
2086	1095	
2091	772	
2100	1283	
2106	386	
2108	1302	
2111	1294	
2118	1204	
2126	459	
2141	764	
2146	927	
2151	947	
2161	380	
2166	403	
2171	548	
2186	441	
2206	488	
2221	752	
2226	799	
2231	816	
2246	620	
2266	833	
2286	430	
2291	739	
2306	434	
2311	789	
2326	829	
2346	389	
2351	647	
2366	429	
2386	807	
2406	826	
2426	790	
2431	840	
2446	767	
2448	880	
2466	633	
2471	627	
2486	421	
2488	973	
2501	512	
2506	375	
2511	789	
2521	1273	
2524	1131	
2526	400	
2528	1389	
2532	1264	
2546	407	
2551	365	
2566	641	
2586	816	
2591	738	
2606	512	
2626	466	
2631	791	
2646	457	
2666	515	
2686	452	
2706	454	
2726	417	
2730	422	
2746	585	
2766	824	
2786	748	
2806	857	
2826	762	
2846	775	
2866	402	
2886	366	
2906	804	
2926	797	
2946	825	
2966	389	
2986	731	
3006	592	
3026	751	
3046	784	
3060	523	
3066	453	
3081	405	
3086	421	
3091	879	
3106	372	
3111	782	
3121	389	
3126	784	
3128	1312	
3146	679	
3151	395	
3166	453	
3178	364	
3186	469	
3191	456	
3206	785	
3210	1075	
3216	1158	
3218	885	
3221	403	
3226	1257	
3231	852	
3241	626	
3246	1304	
3248	1522	
3256	1284	
3266	607	
3271	781	
3277	405	
3286	466	
3288	1668	
3296	1020	
3301	503	
3306	789	
3308	1234	
3311	789	
3318	803	
3326	681	
3328	884	
3332	736	
3346	1111	
3348	815	
3351	635	
3361	1271	
3366	818	
3368	919	
3370	381	
3376	756	
3378	382	
3381	1137	
3386	725	
3391	690	
3406	462	
3411	809	
3421	1285	
3424	682	
3426	1237	
3428	889	
3431	1058	
3435	1096	
3446	774	
3448	1286	
3451	741	
3454	1486	
3456	722	
3461	619	
3466	445	
3471	775	
3486	388	
3488	1376	
3498	393	
3501	1058	
3506	1450	
3511	802	
3526	675	
3530	379	
3536	1328	
3541	398	
3546	800	
3551	373	
3566	1159	
3568	886	
3576	746	
3578	513	
3581	775	
3586	1303	
3606	756	
3611	665	
3621	355	
3626	777	
3628	1389	
3646	432	
3651	1370	
3664	749	
3666	388	
3686	701	
3691	868	
3704	1085	
3706	380	
3726	440	
3731	555	
3746	793	
3751	596	
3766	975	
3786	537	
3806	775	
3826	539	
3846	598	
3866	749	
3886	833	
3906	706	
3911	765	
3926	839	
3946	778	
3951	788	
3966	756	
3986	794	
4006	784	
4026	377	
4046	412	
4066	796	
4086	662	
4106	774	
4126	785	
4146	759	
4166	782	
4171	604	
4186	713	
4206	496	
4219	801	
4220	366	
4221	371	
4222	504	
4226	440	
4246	619	
4266	650	
4286	783	
4306	676	
4326	834	
4346	642	
4366	798	
4386	772	
4406	702	
4426	514	
4446	791	
4466	376	
4486	462	
4496	406	
4506	783	
4526	393	
4546	675	
4566	779	
4571	759	
4586	358	
4588	1390	
4598	631	
4606	1352	
4618	820	
4621	750	
4626	1125	
4631	773	
4646	764	
4648	347	
4651	616	
4666	783	
4671	877	
4686	1120	
4706	765	
4711	755	
4726	779	
4729	749	
4731	377	
4741	785	
4746	684	
4748	998	
4754	1022	
4766	925	
4771	527	
4786	479	
4806	496	
4811	487	
4826	595	
4831	767	
4846	778	
4851	786	
4866	770	
4868	541	
4886	544	
4906	602	
4911	728	
4926	588	
4946	424	
4966	453	
4986	944	
5006	799	
5026	798	
5046	468	
5066	489	
5086	771	
5097	791	
5106	527	
5109	1223	
5126	1478	
5137	794	
5141	803	
5146	1639	
5157	384	
5159	442	
5166	471	
5173	446	
5182	1062	
5186	1341	
5191	692	
5206	1789	
5208	1215	
5224	784	
5226	1379	
5237	775	
5242	355	
5246	798	
5251	1399	
5261	805	
5266	816	
5271	404	
5286	776	
5290	688	
5306	835	
5326	1221	
5346	730	
5366	823	
5386	817	
5391	855	
5406	848	
5426	1852	
5445	1596	
5450	943	
5466	1383	
5484	1105	
5486	1180	
5491	1253	
5493	725	
5498	773	
5506	1474	
5526	1807	
5538	869	
5546	2694	
5552	1356	
5566	1390	
5571	735	
5586	871	
5588	1069	
5593	792	
5606	1050	
5610	2051	
5616	1341	
5626	656	
5641	804	
5646	646	
5648	776	
5649	490	
5650	356	
5651	398	
5666	1516	
5686	2218	
5701	373	
5706	1156	
5726	1727	
5731	735	
5746	486	
5766	365	
5786	396	
5806	425	
5826	661	
5846	821	
5866	844	
5886	624	
5906	774	
5926	608	
5946	459	
5966	668	
5986	829	
6006	556	
6026	804	
6046	672	
6066	825	
6086	403	
6106	607	
6126	427	
6131	443	
6146	385	
6166	563	
6171	467	
6186	795	
6191	778	
6201	698	
6206	747	
6211	374	
6226	1233	
6246	812	
6251	388	
6265	947	
6286	418	
6291	394	
6306	423	
6326	486	
6346	402	
6366	630	
6386	994	
6406	540	
6411	392	
6426	947	
6446	842	
6466	779	
6486	403	
6506	457	
6526	367	
6546	388	
6566	337	
6586	436	
6606	810	
6626	790	
6631	813	
6646	729	
6666	824	
6672	784	
6686	393	
6706	472	
6726	468	
6746	734	
6766	799	
6786	909	
6791	656	
6806	457	
6826	456	
6846	439	
6866	420	
6886	446	
6906	460	
6926	434	
6946	850	
6966	896	
6986	455	
7006	648	
7026	808	
7046	772	
7066	819	
7086	907	
7106	418	
7126	414	
7146	835	
7166	554	
7186	505	
7206	458	
7220	389	
7226	474	
7246	446	
7253	970	
7266	395	
7276	832	
7286	405	
7306	597	
7326	812	
7346	816	
7366	797	
7370	780	
7386	760	
7406	692	
7426	550	
7446	297	
7466	793	
7486	413	
7506	687	
7526	811	
7530	511	
7546	625	
7566	773	
7586	856	
7606	393	
7626	659	
7646	407	
7666	565	
7686	403	
7706	519	
7726	863	
7746	788	
7766	800	
7786	793	
7806	478	
7826	468	
7846	545	
7866	409	
7886	524	
7906	474	
7926	435	
7946	841	
7966	522	
7986	806	
8006	642	
8026	412	
8046	420	
8066	490	
8086	437	
8106	1012	
8111	704	
8126	937	
8146	481	
8166	458	
8186	424	
8206	335	
8226	793	
8246	817	
8266	837	
8286	516	
8291	788	
8301	769	
8306	750	
8308	874	
8326	782	
8331	870	
8340	362	
8346	745	
8348	806	
8361	820	
8366	771	
8371	377	
8381	1530	
8384	392	
8386	354	
8388	986	
8401	528	
8406	774	
8411	768	
8426	318	
8446	731	
8451	800	
8466	839	
8471	387	
8486	698	
8506	851	
8526	805	
8546	691	
8566	904	
8586	806	
8606	425	
8626	911	
8646	1030	
8660	1396	
8666	1443	
8669	1611	
8671	689	
8686	1319	
8689	1551	
8691	672	
8701	1095	
8706	1133	
8709	1077	
8711	1103	
8721	942	
8726	730	
8729	1049	
8731	740	
8736	1248	
8741	702	
8746	751	
8749	1027	
8751	759	
8766	981	
8769	1835	
8771	716	
8786	410	
8799	783	
8806	1478	
8826	586	
8846	795	
8866	759	
8886	722	
8906	647	
8926	381	
8946	407	
8966	806	
8986	667	
9006	808	
9026	824	
9046	812	
9066	502	
9086	406	
9106	656	
9126	425	
9146	806	
9166	703	
9186	786	
9206	322	
9226	669	
9246	633	
9266	790	
9286	818	
9306	686	
9326	781	
9346	814	
9366	562	
9386	770	
9406	788	
9426	557	
9446	451	
9466	389	
9486	431	
9506	760	
9526	995	
9541	677	
9546	781	
9552	424	
9553	392	
9554	407	
9555	437	
9566	768	
9586	780	
9606	775	
9626	374	
9646	655	
9666	783	
9686	790	
9706	786	
9711	765	
9726	678	
9746	790	
9766	575	
9786	383	
9806	418	
9826	907	
9846	896	
9866	351	
9886	890	
9906	469	
9926	472	
9946	693	
9966	398	
9986	415	
10006	524	
10026	813	
10046	736	
10056	5326	
10066	409	
10086	799	
10091	401	
10100	490	
10106	363	
10108	1219	
10126	527	
10146	811	
10151	796	
10158	1179	
10160	375	
10161	674	
10166	764	
10186	812	
10206	727	
10221	768	
10226	554	
10231	845	
6	789	
26	412	
46	517	
66	321	
86	361	
106	455	
126	736	
146	1059	
166	818	
171	343	
180	408	
186	724	
206	968	
226	405	
246	410	
266	426	
286	691	
306	724	
326	814	
346	68159	
349	385	
366	380	
386	398	
406	352	
426	424	
442	383	
446	899	
466	762	
486	797	
506	511	
526	399	
546	659	
566	784	
586	774	
606	812	
626	498	
646	701	
666	768	
686	792	
706	416	
726	565	
746	799	
766	849	
786	477	
806	810	
826	824	
846	619	
866	470	
886	461	
906	906	
926	431	
946	392	
966	861	
986	792	
1006	1038	
1026	759	
1046	390	
1066	347	
1086	394	
1106	364	
1126	637	
1146	782	
1148	373	
1166	4774	
1186	568	
1206	762	
1226	809	
1231	792	
1246	555	
1266	804	
1286	410	
1306	820	
1326	800	
1346	786	
1352	517	
1353	355	
1354	382	
1366	782	
1386	447	
1406	330	
1426	481	
1446	521	
1447	520	
1447	1273	
